0.0 1298.8996188668132
4.400371 1300.7818142854312
5.380324 1300.8233454902029
7.349968 1300.7694205822486
9.774774 1300.6559511836547
11.568597 1300.6374146024946
11.711698 1300.639683296377
12.251589 1300.6537176810373
13.648622 1300.7312693138417
14.097292000000001 1300.7688019945433
15.561454999999999 1300.9318936746781
15.585547 1300.9350704316812
15.775853 1300.9606933824746
17.522471 1301.2360026866652
19.459395 1301.6084173255751
20.988488 1301.9333417691985
21.396319000000002 1302.022491690258
22.317608 1302.2254031227849
22.752129 1302.3211772739944
23.333243 1302.4486402801163
23.365696 1302.455725474816
23.977895 1302.58845528178
24.822891000000002 1302.7678001932795
25.270167999999998 1302.8603746830224
27.207092 1303.2359703815946
29.144015999999997 1303.5592415556703
29.279106 1303.579532078809
30.732819 1303.7777898964112
31.080940000000002 1303.8196640967933
31.604709999999997 1303.8784979735346
31.812276 1303.9004198376665
32.372064 1303.9555834168063
33.017864 1304.012048292479
33.226166 1304.0286263155483
34.954788 1304.1359181872356
36.039787 1304.176516813918
36.076827 1304.1775532259019
36.107803999999994 1304.1784026272362
36.891713 1304.1947220765612
37.736794 1304.2015592664125
38.178221 1304.200914020468
38.362657 1304.1998213769643
38.536907 1304.1983538788731
38.828637 1304.1949693417896
39.12936 1304.1902944750975
39.312428000000004 1304.1868742769757
39.59847 1304.1806834273561
39.872211 1304.1738178763114
40.13965 1304.1662495034757
40.710747 1304.1473652730845
40.765561 1304.1453650467995
40.945768 1304.1385656087316
41.830566 1304.1004668921805
42.265713 1304.0790688085463
42.582659 1304.062475698035
42.702484999999996 1304.0559926056771
44.639409 1303.9375794204473
46.505664 1303.8060558715374
46.576333 1303.8008662629625
46.625036 1303.7972835205928
48.513258 1303.6560908048255
50.386781 1303.5171770056957
50.450182 1303.5125879804075
51.141112 1303.463295186664
51.202187 1303.4590073705679
51.416499 1303.4440598894646
51.642719 1303.4284559472987
51.693084000000006 1303.425007316817
51.806358 1303.4172860129188
52.387106 1303.3785021156093
52.85655500000001 1303.3482145359517
52.938514 1303.3430312494675
53.0255 1303.3375652539405
53.964563 1303.2809982761114
54.891388 1303.229940896383
55.17586800000001 1303.215298614396
55.862111999999996 1303.1820851056207
55.937684999999995 1303.1786147122568
56.258322 1303.1643147692014
57.01718399999999 1303.1332722324953
57.319165000000005 1303.1220435022376
57.55145699999999 1303.113850962077
57.587267000000004 1303.1126227105556
58.36435 1303.0882841683285
59.366748 1303.0635520780597
59.408737 1303.0626824679284
59.794414 1303.0553263482302
61.973659999999995 1303.0353186033005
63.080201 1303.0391637990367
63.096520999999996 1303.0392903146471
63.737159999999996 1303.0458418486735
64.546764 1303.0584901477398
64.63345699999999 1303.060129502639
64.773517 1303.062893216509
64.90173 1303.0655474150597
66.05327 1303.094616156438
66.148044 1303.0974200241349
66.199309 1303.0989622761342
66.49176899999999 1303.1081018442956
66.86734 1303.1206804186397
67.023416 1303.126182227629
67.68980400000001 1303.1514477491621
67.923086 1303.160958575245
68.191487 1303.1723187132604
68.271654 1303.1757974014527
68.94793299999999 1303.2066757625862
69.79649599999999 1303.2491558339223
69.994663 1303.2596502161532
70.333478 1303.2780782951859
70.458681 1303.2850402535964
71.246271 1303.3306515823845
72.19731999999999 1303.3896784084538
75.635856 1303.6331909962628
77.27264699999999 1303.7618704336282
78.406712 1303.8544185795242
79.69375600000001 1303.9619392773982
79.823471 1303.9728916594893
80.459016 1304.0267972274864
80.615024 1304.0400844817486
80.995232 1304.0725434891647
81.51084300000001 1304.1167074686955
81.714687 1304.1342045144506
82.078909 1304.165507657393
82.42836 1304.195577293384
83.148253 1304.2575771027407
83.290824 1304.2698571083315
83.525054 1304.2900282043845
83.79122 1304.3129399103932
85.43199 1304.4536594679719
87.015242 1304.587899330581
88.10364 1304.6788760483553
93.035252 1305.0725410563252
95.31298100000001 1305.2423910116286
96.235127 1305.3089174737413
96.825745 1305.3508614146635
97.25125 1305.3807632995545
97.882059 1305.4246145198417
98.349703 1305.4567620807854
98.437853 1305.4627880050484
99.055263 1305.5046991538663
99.963532 1305.565444189016
100.304424 1305.5879739553015
100.491943 1305.6003066145756
102.498908 1305.7297795048157
102.545659 1305.7327440587535
102.58706600000001 1305.7353679151136
105.075273 1305.8901803206322
107.24809499999999 1306.0216494717686
108.921776 1306.1213185593397
110.04092800000001 1306.1874766688795
110.516907 1306.2155399277387
110.91133899999998 1306.2387736868536
111.071119 1306.2481814130927
111.09528300000001 1306.2496040131148
111.526416 1306.2749810044352
111.78631599999999 1306.2902765786635
112.19808400000001 1306.3145110231633
112.50996599999999 1306.3328711890786
112.87826499999998 1306.3545617765053
113.917974 1306.4158859448244
114.950774 1306.4770110801696
115.819121 1306.5286288822101
117.115293 1306.6061704849333
117.598418 1306.6352486599521
118.76128999999999 1306.7056864484055
119.28855800000001 1306.737849472562
120.589123 1306.8178385826845
121.24656 1306.8586490781083
123.135304 1306.977394272655
123.53076999999999 1307.0025497139839
123.60727 1307.0074278060174
124.778625 1307.0826094335364
125.643056 1307.1386858504027
126.064774 1307.1662272782457
126.283846 1307.1805820630457
127.11538700000001 1307.2353654130322
127.669339 1307.2721198867423
127.764762 1307.2784719673803
127.998893 1307.2940833010152
128.121497 1307.3022728472524
128.777751 1307.3462778216497
129.15531399999998 1307.3717234875996
129.680738 1307.4072880759654
130.39299499999998 1307.4557804371393
130.684074 1307.4756896056524
130.80011499999998 1307.4836411990084
132.100226 1307.5732877722915
132.110176 1307.57397772296
132.618887 1307.609328721623
133.109721 1307.6435764521698
133.450303 1307.6674187271346
133.83850800000002 1307.694671247823
135.175324 1307.7891139942685
137.178352 1307.9322054805123
138.71041200000002 1308.0427667573483
139.414504 1308.0938574074169
139.708924 1308.1152684150893
140.030029 1308.138649938052
140.587076 1308.1792818154859
140.990225 1308.2087401039357
141.195335 1308.2237433218872
141.80467099999998 1308.2683728767358
142.95738500000002 1308.3530117549287
144.29297 1308.4513505483721
145.006907 1308.5040047139914
145.422931 1308.5347071798415
146.157639 1308.5889533953045
146.625751 1308.6235261959157
148.061174 1308.7295417650757
152.629068 1309.0657480940392
152.876157 1309.0838359984104
153.945654 1309.1619594150543
157.584425 1309.4252089306979
157.940466 1309.4507131980872
158.102952 1309.4623355238355
158.535769 1309.493240698029
159.253274 1309.544296778654
159.93143999999998 1309.5923409369605
161.583078 1309.7084222192145
162.26025 1309.7556102169651
166.417549 1310.0394752278125
166.67298300000002 1310.0565613139613
168.683358 1310.1894638571905
169.187735 1310.222354094864
169.983496 1310.2738610868832
170.574847 1310.3118263077938
170.860705 1310.330081899606
174.732146 1310.5708359484272
175.887571 1310.6402479113099
176.592276 1310.68201097942
177.74151 1310.7491740996854
178.028564 1310.765765560964
178.610077 1310.7991487653924
178.889444 1310.81507767724
179.455984 1310.8471627727265
180.1806 1310.8877733569477
181.277634 1310.948339916391
181.957571 1310.9853234051816
183.046742 1311.0436795183643
183.628393 1311.0743967922479
183.92031699999998 1311.0896964666729
186.134552 1311.2032153904224
187.0641 1311.24955375222
187.974129 1311.29417713119
189.684777 1311.3761119316177
189.75493 1311.3794187574583
189.815928 1311.382290671339
189.823629 1311.382653028631
190.03309199999998 1311.3924898725732
190.220451 1311.401257585206
190.978204 1311.4364212249582
191.31895500000002 1311.4520806593728
191.99479399999998 1311.482862803654
192.61331 1311.510717211501
193.199729 1311.5368520773065
194.837816 1311.608489389689
195.004641 1311.615675420545
195.3465 1311.6303395959446
195.54879499999998 1311.6389785758886
195.637653 1311.6427642694591
195.680472 1311.6445865729233
196.312106 1311.6713224392279
196.694794 1311.687390465193
197.954549 1311.73961329927
198.107397 1311.7458816099963
198.529925 1311.7631353571187
199.7653 1311.8129763336528
200.311244 1311.83472648798
201.21116 1311.8702282067832
201.501427 1311.8815893400454
202.124429 1311.90583109054
202.834323 1311.93322442239
203.5004 1311.9587138030997
203.804686 1311.970291967803
204.736716 1312.0055077939207
205.048304 1312.0172001293906
205.21219299999998 1312.0233343210782
206.167927 1312.058896748068
207.780976 1312.1181504465608
207.839777 1312.1202931937494
207.88786499999998 1312.1220446626355
207.99528899999999 1312.125954499676
208.595182 1312.1477176498647
209.277278 1312.1723208165286
209.510554 1312.1807012447844
210.420914 1312.2132454247258
210.851646 1312.2285564111207
211.21164900000002 1312.2413111829057
211.49331400000003 1312.2512640901596
211.71985800000002 1312.2592525484736
212.038829 1312.270475151049
212.142059 1312.2741009239778
212.865148 1312.2994131820944
213.63384399999998 1312.3261597427966
213.809606 1312.3322519380351
213.83986000000002 1312.3332997083169
214.249284 1312.3474536929068
214.812804 1312.3668572595602
215.222214 1312.3808976996118
215.578858 1312.3930893454526
215.688937 1312.3968448989356
216.631026 1312.4288409359253
217.946212 1312.47306100249
219.235814 1312.5158867343246
222.782692 1312.6305949308298
226.329569 1312.7398553720623
229.876447 1312.8422567968923
233.42332400000004 1312.9363628639442
238.770914 1313.0602365765703
238.81737999999999 1313.0612139976172
238.82655499999998 1313.0614068203627
238.860682 1313.0621234085563
238.867375 1313.0622638269133
239.616884 1313.0777674744884
240.221907 1313.0899646408768
244.632071 1313.1708357022892
246.98636499999998 1313.2090305340587
248.125309 1313.2265703817309
249.552515 1313.2479155120316
250.456475 1313.2611760309062
252.37937999999997 1313.289083272013
252.901961 1313.2966696810747
253.315773 1313.3026972881796
253.917811 1313.3115160236612
254.545438 1313.320795648885
254.84839 1313.325314387395
255.98753399999998 1313.34260100228
257.450237 1313.3656959254386
257.807049 1313.3715202134329
261.696286 1313.441635213841
261.877541 1313.4452585316055
261.937808 1313.446471353984
261.964038 1313.4470005060268
261.972414 1313.4471695796826
261.992097 1313.4475672485842
261.99861 1313.447698976831
265.239104 1313.5196399204501
265.585523 1313.528148619671
267.17134300000004 1313.5692945426522
267.514932 1313.5786972805881
267.68613700000003 1313.5834486516007
267.850529 1313.5880528251262
268.02157900000003 1313.5928868033232
268.269945 1313.5999851409113
268.745188 1313.6138302773866
269.189299 1313.6270822058525
269.25461 1313.6290566997893
269.474761 1313.6357609732343
269.539556 1313.6377483824936
273.363998 1313.7664515771091
276.414175 1313.8841800441492
277.253236 1313.918596732927
277.273232 1313.919426287238
277.693342 1313.9369538956507
278.440523 1313.9685602610887
280.942221 1314.0776584532448
281.10545 1314.0849108692175
281.142473 1314.0865573479127
281.866744 1314.118878801891
282.133154 1314.1308110294838
282.161055 1314.1320615918294
282.188787 1314.1333046881844
284.336337 1314.2297909724102
285.03171000000003 1314.2609163181414
285.266546 1314.2713902581634
285.820237 1314.2959854424105
286.248485 1314.314893370186
286.770549 1314.3377780906108
287.34186 1314.3625777561062
288.920948 1314.4294445970202
290.26934700000004 1314.484061021455
290.64838599999996 1314.498920416135
290.994825 1314.5122931264254
292.17217400000004 1314.5561284314545
292.25514100000004 1314.5591179079358
292.39117400000003 1314.5639893382815
292.558219 1314.56992015416
292.660175 1314.5735115254017
292.765893 1314.5772129271097
292.810185 1314.5787564398004
293.017741 1314.5859351502288
293.491746 1314.6019800864547
293.55548799999997 1314.6041000156436
294.111549 1314.6221995644657
294.45251099999996 1314.6329412465223
294.7373 1314.6416992812617
296.699423 1314.6964601791594
300.279083 1314.7689471836138
300.339093 1314.7698437626698
300.385827 1314.7705342628974
300.58866 1314.7734562692272
300.69145 1314.7748907678993
300.931475 1314.778116724913
301.17152000000004 1314.781171136551
301.458284 1314.7845949278046
301.76386099999996 1314.7879734241938
301.855164 1314.7889293133676
302.015989 1314.7905521975604
302.529585 1314.7952221492883
302.82382 1314.797547484323
304.55488199999996 1314.8061407464463
304.685259 1314.8064430109157
305.06031 1314.8070492965069
305.154064 1314.8071406946108
306.104221 1314.806732432632
309.169931 1314.7901932446507
309.65385499999996 1314.7856991109215
309.74476200000004 1314.7848041079578
309.98483799999997 1314.78236654837
310.05368599999997 1314.7816481555355
311.271305 1314.7675979784651
313.216859 1314.7407343006826
313.304557 1314.739421904111
313.754711 1314.7325727896662
314.489593 1314.7210466219567
315.96776600000004 1314.6969798623418
316.390131 1314.6899863060728
317.481529 1314.6719042040454
318.252498 1314.6592705941996
320.25145 1314.627956522655
320.552544 1314.6235038069915
320.801784 1314.619882703162
321.067037 1314.6160975294708
321.269089 1314.6132636024774
321.487352 1314.610251696891
322.11420899999996 1314.6019074024396
323.339257 1314.5870248219835
324.55043 1314.5743583430478
324.911937 1314.5709983253146
325.233337 1314.5681769224389
325.690346 1314.564438449568
325.88285299999995 1314.5629607184349
326.23657099999997 1314.5603936839493
326.917592 1314.5559996475586
327.934702 1314.5507580754586
328.067571 1314.5501889920245
328.641588 1314.5480231245965
329.02209 1314.546846332322
329.13316000000003 1314.5465409981477
333.132243 1314.5450306394061
333.197032 1314.5451241094777
333.301675 1314.54527626886
333.67399900000004 1314.5458685610372
334.201492 1314.5468097718924
334.414128 1314.5472151023528
335.231558 1314.548851942637
335.70702 1314.549817872517
336.56782200000004 1314.551473974388
337.242396 1314.5525873161978
337.560092 1314.5530268567275
338.792423 1314.5540227815532
339.703219 1314.5538162774203
340.335139 1314.553087854554
340.886565 1314.5520097578667
341.352549 1314.5507494595433
341.70964100000003 1314.5495563307609
341.949909 1314.548636321934
342.039313 1314.5482694789957
342.54904799999997 1314.5459257312464
343.48944700000004 1314.540412651475
343.710654 1314.538885186761
344.20814900000005 1314.5351275950409
345.333273 1314.5249731553188
345.462701 1314.5236581926329
345.695018 1314.5212250431211
346.59632999999997 1314.5109052518383
346.942792 1314.5065833191293
346.976083 1314.5061578356717
348.11273700000004 1314.4906626812494
349.015005 1314.4771837394808
349.404546 1314.4711061879334
349.45831 1314.4702583925323
349.572854 1314.4684425964822
349.79197 1314.4649390407742
350.17134 1314.4588022381054
350.877111 1314.4472147540043
351.59685099999996 1314.4353128485882
352.183636 1314.4256730145703
352.52173700000003 1314.4201929710282
353.65004799999997 1314.4026216045954
353.683007 1314.402128740652
353.93539300000003 1314.39841949814
354.341317 1314.392661999708
354.583659 1314.3893649142299
355.69958399999996 1314.3757884417007
356.29486299999996 1314.3698345883424
356.57774900000004 1314.3673666053683
356.70300699999996 1314.3663560536538
357.71889100000004 1314.3601061189645
357.79316 1314.359794825277
358.672602 1314.357766104539
359.332492 1314.35836744696
360.177368 1314.3619915351132
360.592429 1314.3649916414472
360.954783 1314.3682955324734
361.34454500000004 1314.3725560861226
361.858699 1314.379314874282
361.90331299999997 1314.3799634688505
363.916589 1314.4191932325225
364.220288 1314.4267417899787
364.615054 1314.437145929333
364.936939 1314.4461048045077
365.196185 1314.4536132814453
366.007812 1314.4786811824192
366.013466 1314.4788638282996
366.38336400000003 1314.4909993286053
367.230084 1314.5201183926258
367.43798799999996 1314.527500635769
368.467111 1314.5649035091303
368.538767 1314.5675444287378
369.122152 1314.5890301857623
369.932047 1314.6185632653849
371.193804 1314.6622590148088
371.32482400000004 1314.666543058956
371.429642 1314.6699240884282
372.100825 1314.6905663437567
372.311168 1314.6966391884157
372.514602 1314.702296600562
373.111954 1314.717675598472
373.61762799999997 1314.7290977757727
373.737911 1314.731588168202
373.92245099999997 1314.7352169165072
374.085021 1314.7382301315038
374.455046 1314.744425090084
374.75026 1314.7486839110782
374.794166 1314.7492673561935
374.846653 1314.7499490793998
374.967174 1314.7514246648766
375.658795 1314.7578514200482
375.985723 1314.7596584017442
376.56554700000004 1314.7609255420996
376.91135299999996 1314.760511966605
377.134371 1314.7598083666414
378.087307 1314.7530431363423
378.15452999999997 1314.752355674044
379.728054 1314.7301198440477
379.730818 1314.7300720011765
379.73359300000004 1314.7300279874178
379.850654 1314.728018909014
381.091113 1314.7060461569051
381.34601200000003 1314.7016755138716
381.606804 1314.6973889075687
382.269466 1314.6877451731134
382.949396 1314.680601599433
383.902785 1314.6772934416188
385.118304 1314.6879175180898
385.71747999999997 1314.6999837544054
385.751894 1314.7008120847252
385.85073 1314.7032757476004
386.033036 1314.708108316448
386.344825 1314.7172253704975
386.400854 1314.7189756456792
386.452606 1314.720614664525
386.524821 1314.7229364857396
386.630056 1314.7264187963603
386.821354 1314.7329642786935
387.29902000000004 1314.7502574352484
387.314818 1314.7508455473858
387.422336 1314.754856479735
387.514678 1314.758306401889
387.788161 1314.7684692369303
387.85432799999995 1314.7708973618928
388.00549700000005 1314.7763356318978
388.396907 1314.7894533616613
388.48126 1314.7920177904255
390.271794 1314.790153787446
391.056159 1314.7211223515499
391.48429 1314.6521217993857
391.82227 1314.5771716669803
