0.0 1332.66170533369
1.2167459999999999 1332.7761773475197
2.8558470000000002 1332.9391247166038
3.7788169999999996 1333.0336760445844
3.967454 1333.0531554294064
5.098043 1333.170527859243
5.3422 1333.195946052782
5.6581150000000004 1333.228834949479
8.46443 1333.5178703956517
13.734788 1334.0182001648002
13.820248000000001 1334.025665703618
13.826214000000002 1334.0261860176993
13.838049 1334.0272178542252
13.855235999999998 1334.0287155195485
14.640663 1334.0961553921481
15.686387 1334.1828591030633
16.551638 1334.2519017556176
17.027207 1334.2888065132674
17.75565 1334.3439049967458
18.457769 1334.3953883102286
18.674218 1334.4109412701848
19.117728 1334.4423460462144
19.223573000000002 1334.4497494058821
19.703672 1334.4828919487418
20.074951000000002 1334.5080351842753
20.316470000000002 1334.5241658420844
21.083972 1334.5742693305374
21.927412 1334.6273561498358
22.070142 1334.6361410543298
22.568271 1334.666362000902
22.923243 1334.6874899179013
23.611382 1334.7275119950195
23.645583 1334.729469676151
23.672407 1334.7310030469728
23.978992 1334.7484019925657
24.173295 1334.759309747158
24.566807 1334.7811239740838
24.687901 1334.7877636246799
24.818143 1334.7948671010877
24.885098 1334.7985037689655
25.397054999999998 1334.825978645968
25.488424 1334.8308215193554
26.005518 1334.8578952191258
27.752983 1334.9455020315395
28.866698 1334.9985808794013
29.719303999999998 1335.037985731842
30.676876 1335.0811513533095
31.177014 1335.1032982018296
31.722044 1335.1271621719732
32.336341 1335.1537622169353
32.374396000000004 1335.1554007584605
33.364302 1335.1977001852472
33.474714 1335.202384356767
34.353887 1335.239499248212
34.973394 1335.2655062012786
35.226089 1335.2760924235738
35.805984 1335.3003607156118
35.969136999999996 1335.3071860390899
36.155821 1335.3149962952639
36.663999 1335.3362691222194
37.35752 1335.3653648336508
38.384271999999996 1335.4086933544756
38.553263 1335.415864549636
39.275628000000005 1335.4466794924333
39.398028000000004 1335.4519295682462
39.753069 1335.467210632264
40.667575 1335.5069709081463
41.365376 1335.5377508642293
42.052572 1335.5684873951543
42.232412 1335.57660610659
42.462561 1335.5870435181107
42.745271 1335.599939741064
43.385824 1335.6294796185311
44.833434000000004 1335.6980088941837
45.207662 1335.7161534616514
46.214914 1335.7659276444563
47.191047 1335.815531644812
48.354787 1335.876523965436
49.684557 1335.9488029207555
49.973376 1335.9648766352957
50.769203999999995 1336.0098732157437
51.027575 1336.0247064047826
51.086433 1336.0281009689586
51.169164 1336.032882123457
51.371788 1336.0446402533107
53.1542 1336.1510403620143
53.247891 1336.1567813001598
54.370461999999996 1336.2267190808163
55.31873 1336.2874487481524
55.450295999999994 1336.2959933386294
56.19419 1336.3448459190422
56.993865 1336.3983761593995
58.259519999999995 1336.4852057294422
58.500854000000004 1336.5020496998247
64.812794 1336.972134433422
65.30498399999999 1337.0108938477206
65.468695 1337.0238427683278
65.74602 1337.0458410881606
67.177133 1337.1605456205896
67.504407 1337.187035931831
67.69398100000001 1337.2024213424424
68.121748 1337.2372437260824
68.655722 1337.2809070780365
68.94654200000001 1337.304773378548
70.082978 1337.3985577406852
71.48862 1337.5155201765579
72.471975 1337.597819566441
72.990753 1337.6413512349277
74.860972 1337.798642897734
77.249969 1337.9994215338902
79.006816 1338.146105006642
79.044239 1338.1492151287769
79.062253 1338.150711973066
79.323178 1338.1723744895228
79.638966 1338.198543154972
82.027963 1338.3944229635977
82.933231 1338.467482426159
83.80089699999999 1338.5367895840768
84.40064100000001 1338.5842484137877
84.41696 1338.5855343975943
84.956002 1338.627846710891
85.56991500000001 1338.675630308695
86.20396099999999 1338.7245040375926
86.80595699999999 1338.770436594457
87.842895 1338.8484198864614
88.20286800000001 1338.875140497786
88.24365300000001 1338.8781561796625
88.790943 1338.9183871776236
89.19495400000001 1338.9477983751237
91.487992 1339.1098279119758
91.583951 1339.1164185949415
92.36671199999999 1339.1695837405705
92.721367 1339.1933162335076
93.04254 1339.2146132593352
93.60866700000001 1339.2516953113718
93.82025 1339.265402371408
93.972948 1339.2752427836938
94.008762 1339.2775444437912
95.069164 1339.3445904325317
95.323194 1339.360330932305
96.212027 1339.4144092329796
96.328991 1339.4214088882109
96.36194499999999 1339.4233760641253
97.44827099999999 1339.4869964541467
97.976754 1339.5170752911042
98.61717800000001 1339.5527493933246
99.43544 1339.5970783809275
99.90230600000001 1339.6217353101222
100.170679 1339.6356986231126
100.941386 1339.6749386088516
101.206459 1339.688138487821
101.309585 1339.693232755002
101.700052 1339.7123120556112
102.320359 1339.741939364458
103.862934 1339.8119630155943
103.86473000000001 1339.8120414947198
103.946516 1339.8156077377187
103.95994499999999 1339.8161918950823
103.973 1339.8167594027018
104.011587 1339.818434604408
105.201917 1339.8684984215563
106.18176299999999 1339.9073641575633
106.469959 1339.9183927085414
106.65300400000001 1339.9253024277718
108.352253 1339.9859364057613
108.52977800000001 1339.9919067039773
108.74849499999999 1339.999168011786
109.025274 1340.0082079875958
109.34328000000001 1340.0183895286775
110.04953799999998 1340.0402210184798
112.07853100000001 1340.0970204729954
113.79493500000001 1340.1383543898296
114.13040900000001 1340.1457305052418
115.23575 1340.1684417480803
115.379601 1340.1712198500177
115.505501 1340.1736180644907
115.51133999999999 1340.1737285384718
115.969975 1340.182199037678
116.573977 1340.1927364571072
117.227745 1340.2033621552039
117.90808799999999 1340.2135739543319
118.58816399999999 1340.2229362196097
118.81251999999999 1340.225842337813
118.94415 1340.2275056806566
119.16901299999999 1340.230276304124
119.697328 1340.2364375665045
120.335353 1340.2432371412588
120.660555 1340.2464377280282
120.90683600000001 1340.2487441950132
121.53308100000001 1340.2541602018352
122.37696000000001 1340.2604619455055
122.72168700000002 1340.2627152112652
123.26092 1340.2658755365528
123.781057 1340.2685115390334
124.09336499999999 1340.2699037782986
124.313745 1340.2708016148124
125.076769 1340.2733808297623
125.773362 1340.2750383512923
125.80977 1340.2751071609816
126.441699 1340.276026381831
126.92281299999999 1340.2763848930874
127.495548 1340.2764394056876
127.526175 1340.2764311700498
127.935901 1340.2762143857124
128.214784 1340.275955074082
128.451021 1340.2756660027014
128.55289199999999 1340.2755219672335
128.660751 1340.2753568628902
128.782946 1340.275154269821
128.87665900000002 1340.2749877928213
129.024197 1340.2747063241627
129.22197 1340.2742922234802
129.24258 1340.2742466656468
129.745183 1340.272997597843
129.754539 1340.2729718635246
130.119177 1340.2718997268541
130.168428 1340.2717446846168
130.299028 1340.2713219292298
130.424489 1340.2709000318728
130.678084 1340.270000662588
130.86781100000002 1340.269287645674
130.958985 1340.268932950312
131.148075 1340.26817270857
131.471426 1340.2667969537458
131.591903 1340.2662603612193
131.895153 1340.2648532618175
131.962918 1340.264527939366
131.97505800000002 1340.2644692429544
132.033907 1340.2641829289373
132.239826 1340.2631580284462
132.315643 1340.2627717313353
132.470113 1340.2619699959719
132.61184 1340.261217261472
132.67539 1340.2608744713189
132.675672 1340.2608729429849
132.890559 1340.2596899570983
132.944321 1340.2593882973322
134.391794 1340.250457598489
134.502992 1340.2497105526181
134.544287 1340.2494310386805
134.67988799999998 1340.2485053300784
134.751147 1340.2480140788741
134.793069 1340.2477235476426
134.984267 1340.2463843289986
135.21598400000002 1340.2447307363232
135.821013 1340.2402617360608
136.108199 1340.238067462106
137.61478 1340.2258670723772
137.824604 1340.224084967797
139.285277 1340.2112116306187
139.541009 1340.2088838863913
141.758552 1340.188030137773
144.33614 1340.1629917715052
144.62761899999998 1340.1601529382704
144.81685 1340.1583120581865
145.088566 1340.155672626515
145.282819 1340.1537890712807
145.357721 1340.153063659791
145.388133 1340.1527692729906
145.57891899999998 1340.1509245422837
145.666796 1340.1500761258897
145.709518 1340.1496639709753
145.714737 1340.1496136355238
145.719907 1340.1495637757293
145.77160600000002 1340.1490653572616
145.784179 1340.148944191019
145.822326 1340.1485766826788
148.785452 1340.1208140265285
148.79367 1340.1207398594322
148.83134099999998 1340.1204001269552
150.243913 1340.1079784566407
152.099831 1340.0927596377608
152.675378 1340.0883350525157
152.822804 1340.087226125184
152.972562 1340.0861101208734
157.018396 1340.0604084990596
157.120814 1340.0598795207225
157.46076000000002 1340.0581702096806
158.34245 1340.0540760410063
158.74840600000002 1340.0523590911525
160.36033600000002 1340.0466231432265
161.257385 1340.044200858189
162.14387299999999 1340.0423628227572
162.89988 1340.0412389080577
166.847446 1340.042153967715
168.27796999999998 1340.0453246394877
168.487794 1340.0459164187498
168.702395 1340.0465550652123
168.88699599999998 1340.047131404243
177.22648600000002 1340.0979514805015
178.591022 1340.1104954379107
178.750916 1340.1120339137851
178.785845 1340.112371861378
178.887934 1340.113363416378
179.048069 1340.1149301482292
179.199614 1340.1164255622966
179.336636 1340.1177882332377
179.427729 1340.1186996593926
179.655774 1340.121000503439
179.70378300000002 1340.1214883504842
179.77461 1340.122210249514
179.85511599999998 1340.1230339519382
179.955557 1340.1240662980786
180.05815 1340.1251260938943
180.143901 1340.1260160201616
180.343053 1340.1280971521294
180.490059 1340.1296460969932
180.54876299999998 1340.1302676355585
180.793216 1340.1328740447423
180.80956899999998 1340.1330494454292
180.852271 1340.1335080747695
180.95916200000002 1340.1346599744884
181.141106 1340.1366332878235
181.32009299999999 1340.1385898750298
181.353832 1340.1389603808477
181.554911 1340.1411795469608
181.63931599999998 1340.1421166429052
182.684629 1340.1539868825835
184.049165 1340.170173575773
184.145116 1340.171339249225
184.25339499999998 1340.1726588228546
184.426723 1340.1747801465087
184.863749 1340.1801769237777
186.107629 1340.1958913421836
186.16878 1340.1966765533218
187.857133 1340.2187703670836
188.205353 1340.2234174200535
189.974759 1340.2474173157734
190.92944599999998 1340.2605841471686
190.943085 1340.2607731271999
191.76253300000002 1340.2721646329626
196.570325 1340.3395063600783
197.334838 1340.3501228620726
199.012802 1340.37315327085
204.90913600000002 1340.4490054239361
213.055681 1340.5320222456085
213.27539900000002 1340.5338086770007
213.49494900000002 1340.535567586804
214.111916 1340.540369192927
214.43178500000002 1340.5427758966307
214.579244 1340.543866212132
214.98243300000001 1340.5467852728016
215.004256 1340.5469406645811
215.53376 1340.5506285393947
215.62939 1340.5512776249227
216.58945899999998 1340.557504127628
216.60956800000002 1340.5576288757886
216.629648 1340.5577532108996
216.873515 1340.5592446140674
218.213269 1340.5668206499836
219.55302400000002 1340.5733429229024
220.892779 1340.5788037591337
222.23253300000002 1340.583201507119
223.572288 1340.5865404601745
224.912043 1340.5888307192824
226.251798 1340.5900880565844
227.591552 1340.5903337296145
228.93130699999998 1340.5895942683608
229.42902200000003 1340.5890747961682
230.271062 1340.587901232285
231.610817 1340.5852909421756
232.950571 1340.5818041871573
234.29032599999996 1340.5774858940895
235.63008100000002 1340.5723848017678
236.576693 1340.5683369082165
236.73676 1340.5676177442458
236.896543 1340.566890098449
237.76390299999997 1340.5627742305267
239.926858 1340.5513739908065
240.62520099999998 1340.547377735097
240.95567400000002 1340.545437540169
242.087796 1340.5385674719694
243.674051 1340.5284177095427
244.282786 1340.5243801452852
253.65164199999998 1340.4571057038536
262.18733599999996 1340.3991929487322
267.11377799999997 1340.3723172663952
267.201194 1340.3718968936355
267.51851 1340.3703884686518
268.80476600000003 1340.3645584997143
269.173137 1340.3629739022172
269.33544700000004 1340.3622878268175
270.093338 1340.3591828607916
270.48291800000004 1340.357650229643
270.879684 1340.3561337154645
271.67841699999997 1340.3532168068994
271.957871 1340.3522391631636
272.76574 1340.349537668722
273.6117 1340.3469064951328
274.32505 1340.3448434931083
274.733198 1340.3437265418281
276.957533 1340.3384304007361
277.496139 1340.3373429582684
278.197922 1340.336035478473
278.412428 1340.3356600343284
279.111119 1340.3345137203066
279.179675 1340.3344074529346
279.76311 1340.3335469062993
280.32755 1340.3327872681061
280.492818 1340.3325780485213
280.663969 1340.3323675605563
280.95694199999997 1340.3320216333314
281.084837 1340.3318762348963
281.30432 1340.3316345404976
281.534677 1340.331391352988
281.77868 1340.3311452542903
281.913667 1340.3310141046193
282.073647 1340.3308632118374
282.29508300000003 1340.330662357569
282.697213 1340.3303208114671
282.98945699999996 1340.33009084134
283.372362 1340.3298119508647
284.238154 1340.3292700354873
284.365869 1340.3291999582868
284.499536 1340.3291292045317
286.244058 1340.3284266651995
286.391335 1340.3283841998914
286.905488 1340.3282536125682
288.177922 1340.3280322762748
288.832163 1340.3279632977915
289.001156 1340.3279492977147
289.47312 1340.3279169478803
290.663773 1340.3278648886128
292.535898 1340.3277849965689
293.45653799999997 1340.3277033361526
297.73222000000004 1340.3262766438227
300.049467 1340.3242807838851
301.993231 1340.3216388015903
302.344891 1340.3210509768728
303.903854 1340.31799374621
304.954735 1340.3154861342712
305.509612 1340.314006497967
305.645442 1340.313627327554
305.93327 1340.3128013881017
306.697726 1340.310456291845
307.080056 1340.3091988026763
307.82205899999997 1340.3065922758874
308.137223 1340.3054173594803
309.29585299999997 1340.3007394657016
311.166067 1340.2919482513835
316.367963 1340.258804090472
316.752598 1340.2558222767018
317.98359500000004 1340.2457773379813
319.90297200000003 1340.2285893289866
321.062657 1340.2173097947873
321.497196 1340.2129118497708
322.186686 1340.2057439715168
323.192141 1340.1948801513101
323.854473 1340.1874619833895
325.013082 1340.1739985096224
325.680206 1340.1659727462838
325.847921 1340.1639243961529
326.58872599999995 1340.154732503805
328.409698 1340.1311808200662
329.428952 1340.1174426101459
330.649649 1340.1005104289857
331.29245099999997 1340.09140020739
331.80753 1340.0840104936835
332.018355 1340.0809638961657
332.333124 1340.0763924020603
333.443291 1340.0600649042885
333.447776 1340.0599983365792
333.452092 1340.0599342730009
333.45588 1340.0598780433968
333.461307 1340.0597974779266
333.47999 1340.0595200725004
333.484825 1340.0594482693145
333.490584 1340.0593627369365
333.494388 1340.059306236192
333.50380099999995 1340.0591664106048
333.50631699999997 1340.0591290332434
333.51417200000003 1340.0590123309748
333.530936 1340.0587632203058
333.5419 1340.0586002625125
333.545316 1340.058549485061
333.55215899999996 1340.05844775852
333.55537799999996 1340.0583999019482
333.559209 1340.0583429436558
333.5653 1340.0582523774428
333.5919 1340.057856768304
333.597805 1340.057768924648
333.61152200000004 1340.0575648378572
333.618492 1340.057461119519
333.642519 1340.0571034979312
333.65326 1340.056943585479
333.66506699999996 1340.05676777296
333.676885 1340.0565917654937
340.1896 1339.9566299603723
341.859428 1339.930812575271
341.936673 1339.9296245919452
343.390731 1339.9074216238914
343.529255 1339.9053251346957
344.76784399999997 1339.8867630892082
345.199082 1339.8803882919665
345.249557 1339.8796454507824
345.364937 1339.8779500998687
345.909119 1339.8700067542966
346.187602 1339.8659771514585
346.798034 1339.8572344579184
346.86891 1339.8562277651706
347.475376 1339.8476896153047
347.902874 1339.8417566883272
348.538737 1339.8330722707333
350.20856499999996 1339.8111512150506
351.878392 1339.7906925140476
353.548219 1339.7719201517757
355.218047 1339.7550518310206
356.887874 1339.7402966002994
358.01826 1339.7316082514192
358.53686 1339.7279927061043
358.557702 1339.727852394568
358.649067 1339.7272419067922
359.13687400000003 1339.7241101386187
359.238937 1339.723482348952
359.68247 1339.7208661055097
360.160137 1339.7182547425473
360.408917 1339.7169806258785
360.55636499999997 1339.7162535525779
360.941923 1339.714452009571
361.214065 1339.7132680082002
361.703077 1339.7113249409629
362.13026 1339.7098239472996
362.502881 1339.7086661625774
363.534832 1339.7062093216814
363.885388 1339.7056292408017
364.256512 1339.7051578053693
364.647202 1339.704821415945
365.250976 1339.7046272922485
365.556637 1339.7046811379757
366.166807 1339.705097318126
366.786794 1339.7059451631435
367.949679 1339.708704385759
369.068103 1339.712813593006
369.979031 1339.7172252791588
370.297185 1339.7189925082287
370.726091 1339.7215608723038
371.09258 1339.7239248122896
371.547198 1339.7270741941709
371.837703 1339.7292125199401
371.989961 1339.7303724325134
372.147852 1339.7316037116773
372.36016 1339.7333050025395
372.796124 1339.7369625521005
373.168236 1339.7402587013482
373.557702 1339.7438801505232
374.45308 1339.75286883284
374.92057400000004 1339.757927372539
375.42015 1339.76360832741
376.023129 1339.7708414505857
376.945519 1339.7826946428358
377.282598 1339.787261725936
378.389148 1339.803126633034
379.14504700000003 1339.8147201691747
379.300081 1339.8171725557977
379.417175 1339.8190414563444
380.860493 1339.8432357416193
380.93874700000003 1339.8446076620185
381.007495 1339.8458179388313
381.079253 1339.8470861954872
381.309771 1339.8511947057407
381.437113 1339.8534866408445
381.478725 1339.8542390116645
381.607581 1339.856579473249
382.505761 1339.873335022647
382.86994300000003 1339.8803446412019
382.933493 1339.8815803365592
383.001322 1339.8829033048646
384.117625 1339.905268002392
384.732392 1339.918046599181
384.89473 1339.9214738640298
385.069552 1339.925188949173
386.343508 1339.9529960034
386.474258 1339.9559205278485
386.583906 1339.9583828357922
386.59484 1339.9586288613432
386.74359 1339.9619845794523
387.17940699999997 1339.9719082977504
388.157202 1339.994651625558
388.40955299999996 1340.000623795896
388.457288 1340.001758050482
389.075905 1340.0165845576512
389.233 1340.0203862845897
389.570325 1340.028597815235
390.31973700000003 1340.0470656656107
390.689297 1340.0562805988332
391.150845 1340.0678827547956
391.98582000000005 1340.0891161101772
392.182185 1340.0941519833984
392.234556 1340.0954976263279
392.917082 1340.1131281716844
393.162451 1340.119506231591
394.044634 1340.1425907874248
394.05374900000004 1340.1428304494373
394.61751 1340.1576934182222
394.866167 1340.1642720225284
395.351318 1340.1771425027353
395.60590099999996 1340.1839125994015
395.907082 1340.191934269948
396.340216 1340.2034901297332
396.680094 1340.2125708343133
397.42090299999995 1340.2323878800983
397.76953 1340.241718790048
398.67296 1340.2658858721009
398.904271 1340.2720657175146
399.23207599999995 1340.2808147963894
399.631979 1340.2914708178057
402.383614 1340.3639048744833
402.62357599999996 1340.3701184765387
404.931239 1340.4286551776993
405.03234199999997 1340.4311617712292
406.629319 1340.469985024089
407.024746 1340.4793561966574
407.42567599999995 1340.4887515207304
407.527002 1340.4911085580634
407.626735 1340.4934215483813
407.922737 1340.5002449417932
408.05989500000004 1340.5033853472096
408.657299 1340.5169014603684
408.881123 1340.5218957162008
410.3315 1340.5532841983575
410.680754 1340.5605785555315
411.023462 1340.5676319911013
411.238306 1340.5720002176379
411.271373 1340.572668829271
411.306733 1340.5733827071995
412.16941 1340.5904409220877
413.659926 1340.618226005341
414.43125299999997 1340.6317250274149
415.65838199999996 1340.651908585539
416.142092 1340.6594164186833
416.382553 1340.6630525986373
416.509461 1340.6649457410717
416.906249 1340.6707485127297
417.577147 1340.6801553907592
417.86105299999997 1340.6839815374574
418.013264 1340.6859947235657
418.26466800000003 1340.6892613358018
418.568117 1340.6931066882287
419.425974 1340.7033965617004
420.219695 1340.7121463532817
421.014791 1340.7201628763223
422.158575 1340.7303749206646
422.38397000000003 1340.7322033693172
422.861333 1340.7358760170391
422.934438 1340.736414513038
423.79173 1340.7422558760427
424.728633 1340.7476468105222
425.11612 1340.7495756553562
425.925251 1340.7530416995085
427.37877599999996 1340.7573916876802
427.78855899999996 1340.7581911858845
427.82673700000004 1340.7582562724972
427.96609000000007 1340.7584803150105
428.02646100000004 1340.7585708018407
428.33886500000006 1340.758975878894
428.435481 1340.759079827452
429.472062 1340.7595714700642
431.318687 1340.757728275054
431.59386500000005 1340.7571691767635
431.79860199999996 1340.7567071913575
432.692095 1340.7542434085397
433.49526900000006 1340.7514307818478
433.893154 1340.7498373562503
434.11494500000003 1340.748893557176
435.985301 1340.7394545889563
437.38623600000005 1340.7308297291768
437.579949 1340.7295448147743
437.656173 1340.7290334810034
437.73640300000005 1340.7284918361465
437.83344400000004 1340.7278320288885
438.08084699999995 1340.7261272243725
438.211297 1340.7252155110268
438.499242 1340.7231727643846
438.97196399999996 1340.7197328062696
439.06551900000005 1340.7190398761977
439.204592 1340.7180026768895
439.420509 1340.716375960832
439.458733 1340.716085948518
439.588592 1340.7150962375304
439.919415 1340.7125447667336
440.225994 1340.7101436512205
440.388784 1340.7088551790182
440.71108200000003 1340.7062782050284
441.25881100000004 1340.7018261556748
443.07190599999996 1340.6865927994897
443.62529900000004 1340.6818438356254
444.70235 1340.6725512457353
445.208341 1340.6681865909436
445.416199 1340.66639745873
445.84125199999994 1340.6627500001405
445.963422 1340.661705105191
446.046542 1340.6609952282902
446.26954400000005 1340.6590952348806
446.418077 1340.65783372478
446.87594400000006 1340.6539682585517
447.737983 1340.6468084168064
447.942096 1340.6451400602823
448.19928200000004 1340.6430546718962
448.28914000000003 1340.6423306902575
448.45330099999995 1340.6410145242523
448.70516299999997 1340.6390121553866
449.339797 1340.6340651920955
449.99323300000003 1340.6291354883995
450.80069299999997 1340.6233039006104
451.12557999999996 1340.621046540213
451.23237699999993 1340.6203163281068
452.10708600000004 1340.6145686966045
452.97871200000003 1340.6092857931237
454.232383 1340.6025493028153
454.640067 1340.6005946487408
454.88833700000004 1340.5994639328228
455.042217 1340.598786203772
455.114008 1340.598476127738
455.339945 1340.597525915284
456.410989 1340.5935662774637
457.87639 1340.5896821008596
458.718488 1340.5882938583088
459.983694 1340.5874149078861
460.389821 1340.5874468019886
460.677304 1340.587562856593
460.912585 1340.5877157812633
461.143937 1340.5879171811011
461.538618 1340.5883779151634
461.73358499999995 1340.588660154023
461.959791 1340.5890329801775
462.18732800000004 1340.5894572101313
462.262653 1340.5896085275615
462.53715199999994 1340.5902057684725
462.842075 1340.590953468504
462.88430800000003 1340.5910640218142
463.300101 1340.5922431057888
464.00391900000005 1340.5946132145916
465.09694400000006 1340.5992185190576
465.26689500000003 1340.6000344891129
465.784245 1340.6026815999176
466.40754100000004 1340.6061931097154
466.632529 1340.6075458788687
466.93741600000004 1340.6094501906332
467.10774000000004 1340.6105493340567
467.166062 1340.6109314678833
467.23208099999994 1340.6113675745755
467.43498600000004 1340.612731330104
467.516188 1340.6132869346002
468.32627699999995 1340.6191321372073
468.92396399999996 1340.623787470449
469.398129 1340.6276797646537
469.70963099999994 1340.630329588355
469.99296699999996 1340.632801997282
470.10639699999996 1340.6338080730227
470.937275 1340.641451446176
472.01641500000005 1340.6520512063448
472.371266 1340.6556889878202
472.474258 1340.656758022238
473.602191 1340.6688246727838
473.865517 1340.6717288236853
474.03205199999996 1340.6735809150282
474.38815800000003 1340.6775791702564
474.63017199999996 1340.680324232603
475.271218 1340.6876931216038
475.351849 1340.6886291521776
475.97118200000006 1340.6958776618853
476.787829 1340.7055649150568
477.11609100000004 1340.7094889721775
477.191743 1340.7103951149522
478.150691 1340.7219154277782
479.481309 1340.737873694752
479.979741 1340.743795623543
480.539258 1340.7503799417764
480.677096 1340.7519894628904
481.00075499999997 1340.755746347673
481.503488 1340.7615114675657
481.80318 1340.7649021103064
482.269465 1340.77010007868
482.607458 1340.773802963458
482.781021 1340.7756814846464
483.2757 1340.7809435056597
483.52061100000003 1340.7834949349688
483.616417 1340.7844827832898
484.00132 1340.7883908840724
484.16813899999994 1340.7900533075801
484.249429 1340.7908562879174
484.522504 1340.7935184924306
496.35689800000006 1340.8254942538765
496.82134 1340.822368429301
496.943488 1340.821482285147
497.30275 1340.8187205657175
497.457313 1340.8174608627066
499.185513 1340.800424932084
499.22649400000006 1340.7999549941135
499.26629 1340.799495746157
499.424016 1340.7976471287773
499.836828 1340.7925946226494
500.07600199999996 1340.7895257081238
500.410059 1340.7850658574755
501.43914299999994 1340.7700641452686
501.78418 1340.7646112607279
502.030778 1340.7605852603717
502.651367 1340.7499830140969
502.837112 1340.74668005635
502.93282300000004 1340.7449549847713
503.23117199999996 1340.739477452326
503.717375 1340.7302292942825
503.85987800000004 1340.7274440391925
504.050244 1340.723671073229
504.733924 1340.7096358775582
505.600675 1340.690783271544
505.769981 1340.6869668814672
506.37791 1340.6729151744041
507.43635700000004 1340.647207625895
507.826847 1340.637346756817
508.134378 1340.629445537633
508.676261 1340.6152453556226
509.092493 1340.6041084539224
509.56369000000007 1340.5912741619004
510.486896 1340.5654872581154
510.67792000000003 1340.5600541926808
511.249721 1340.543610920867
511.51575499999996 1340.5358747630337
512.210022 1340.5154576406303
512.662407 1340.5019974169984
512.8038700000001 1340.4977662131405
513.117893 1340.4883398229301
513.8900110000001 1340.4649954285396
515.676411 1340.4104875973244
516.018143 1340.4000491903537
517.042862 1340.368872366139
517.451688 1340.3565204784165
517.8997820000001 1340.3430631692702
518.444267 1340.3268504430932
519.126995 1340.3067846436782
519.517253 1340.2954689665041
520.190458 1340.276254363191
520.32185 1340.2725533931555
520.562158 1340.2658291964458
520.825517 1340.2585290363972
521.070361 1340.2518098245005
521.8819589999999 1340.2300398475625
522.769224 1340.2072146526107
522.789751 1340.2066996234785
523.830703 1340.1814152756979
524.083221 1340.1755404263956
524.4652169999999 1340.166856302304
525.634861 1340.1418698404157
525.716896 1340.1402122080488
525.826522 1340.1380170982013
526.2312099999999 1340.1301152424114
526.505456 1340.1249437345948
527.288747 1340.1110130022398
528.500498 1340.0920110066124
529.0608129999999 1340.0843100939735
530.195296 1340.0708855990774
530.204688 1340.0707867362057
530.850217 1340.0644792796252
531.366134 1340.0601320076094
531.553064 1340.0587093351153
531.792994 1340.0570021660492
532.570329 1340.05238718252
533.4883940000001 1340.0487259139902
534.505483 1340.0468875964027
534.534479 1340.046868650917
534.652854 1340.0468102633045
535.104893 1340.0468647012935
536.731233 1340.0505480810932
537.1878929999999 1340.052506273423
537.548941 1340.0543210496496
537.8001690000001 1340.0557174994524
538.2990599999999 1340.0588015500023
538.503546 1340.0601802299177
541.943437 1340.0911617648037
542.898868 1340.10141959635
544.2695679999999 1340.116330617444
545.051077 1340.1245894522392
546.01369 1340.1341494683716
549.128511 1340.1556836971367
549.6681679999999 1340.157210126893
550.240725 1340.1578881925072
551.888029 1340.1535446484681
551.943541 1340.1532164557082
551.957138 1340.1531341187779
552.019224 1340.152748400791
552.090966 1340.1522825301117
552.109055 1340.152161572934
552.135067 1340.1519852859235
552.188896 1340.1516112907457
552.219693 1340.1513917347859
552.233081 1340.1512950384204
552.249283 1340.1511769546883
552.27489 1340.150988009716
552.297094 1340.1508218685337
552.3046 1340.1507651958084
552.390696 1340.1500978715044
552.403388 1340.1499967522939
553.378678 1340.140021421624
553.459841 1340.1389869607938
553.9174429999999 1340.1325344340833
553.918854 1340.1325128949743
553.920259 1340.1324914222425
555.240138 1340.1075768912174
555.2612389999999 1340.1070984031107
557.299535 1340.0478004250158
557.588825 1340.0371598278816
557.893063 1340.025336150519
558.118618 1340.0161439576268
558.401841 1340.0040790258356
558.700439 1339.9907191412706
558.937702 1339.9796279229001
559.031989 1339.975102089267
559.7567849999999 1339.9380238524711
559.956193 1339.9271007709915
560.575869 1339.8911204235783
560.862312 1339.8734310643745
561.376047 1339.8399984559735
561.394952 1339.8387259399724
561.445657 1339.8352980427173
561.5137070000001 1339.8306632786355
562.149776 1339.7854324692385
562.2140360000001 1339.780669445191
563.033119 1339.7168037283147
563.817078 1339.6501221767
563.852203 1339.64700587176
563.8984059999999 1339.642889860205
564.6066969999999 1339.5773802055176
564.671286 1339.5711802657427
565.333981 1339.5053733982966
566.711656 1339.3557173822098
567.08465 1339.3122117639718
567.324452 1339.2835710352188
567.664495 1339.24206109231
567.856862 1339.2181136451052
570.30737 1338.8841979387773
571.72842 1338.6669656630993
572.142471 1338.6005927989283
572.409693 1338.5570461211296
573.505441 1338.372864791354
573.763282 1338.3282611145614
574.8684099999999 1338.1319817483688
574.9420309999999 1338.1186246768182
575.095147 1338.090737260961
575.155483 1338.0797086112018
575.526333 1338.0114417974912
576.23138 1337.8794775580154
577.594349 1337.6171174131068
578.559201 1337.4265015967694
578.69199 1337.3999998683491
578.9573190000001 1337.3468723381013
579.295865 1337.2787704253083
579.6034549999999 1337.2166170075898
580.320288 1337.070891191277
580.752509 1336.9825410070812
581.075428 1336.916351648658
581.123252 1336.9065380474997
581.175879 1336.8957359664535
581.362442 1336.857419929706
581.683258 1336.791463449391
582.849759 1336.5513830173593
583.0462269999999 1336.5109801148585
583.353284 1336.4478955672687
583.48651 1336.4205534772336
584.148951 1336.2849551929567
584.409197 1336.2318869537214
585.625989 1335.9858992182096
585.772166 1335.9566361109337
585.858888 1335.9393090831406
587.135136 1335.6876325788983
587.400965 1335.636093999874
588.1736 1335.4882984913013
588.498105 1335.4271819016565
588.783595 1335.373914904542
588.879036 1335.356215539825
589.070954 1335.3207930095616
589.357057 1335.2684139429302
591.826155 1334.840060898878
592.0184820000001 1334.808643632735
593.287728 1334.6090644708336
594.125601 1334.4850055242493
596.1412849999999 1334.2129542342589
596.351021 1334.1868411630994
596.473783 1334.1717505149272
596.929446 1334.1169913227836
596.992882 1334.1095246063835
597.337473 1334.0696331589704
597.4459870000001 1334.0573046930776
597.4523389999999 1334.0565864993487
597.775695 1334.0205312277412
598.205058 1333.9741835630366
598.2575519999999 1333.9686361769902
598.370579 1333.9567796560386
598.4826820000001 1333.9451381932574
598.529978 1333.9402620708129
599.176654 1333.8756743445156
599.630482 1333.8326425441376
601.155882 1333.701427385776
601.533396 1333.6720261175765
601.669119 1333.6617418876665
601.790641 1333.6526604072258
601.942914 1333.6414479579275
602.116822 1333.6288670072329
603.58276 1333.531881908794
604.0586089999999 1333.5036549776094
604.169484 1333.497290306614
604.235721 1333.4935252498399
604.837899 1333.46053132406
605.8185490000001 1333.4111952898213
605.98983 1333.4030848355394
606.8647900000001 1333.3637148554003
607.3103309999999 1333.3448480733327
607.401378 1333.341079250373
607.80421 1333.3247249224412
608.208338 1333.3087937285834
608.9842070000001 1333.2792902842662
609.049382 1333.2768646721497
609.188758 1333.2717001262847
609.7043160000001 1333.2528190317896
610.5670349999999 1333.2216849432805
611.635305 1333.1830272034194
612.149864 1333.1640087799485
612.6332179999999 1333.1457318376922
613.001 1333.1314831855145
613.4341009999999 1333.1142483818821
613.732692 1333.1020385313795
614.371689 1333.0748739913522
615.169628 1333.0386479190597
615.274549 1333.0336709040512
615.315521 1333.0317129418843
616.898349 1332.9492402151739
616.9160400000001 1332.948236416382
617.722672 1332.900316995579
618.05463 1332.8793172327312
618.154633 1332.8728380945083
618.481178 1332.8511744610798
619.3179 1332.7919767507135
619.347352 1332.7897930760466
620.0640070000001 1332.7344574134333
620.082841 1332.7329451629603
620.202893 1332.7232343907372
620.2051610000001 1332.7230498576234
620.206661 1332.7229274810186
620.210396 1332.722623330538
621.135185 1332.6435214528497
621.487445 1332.6113559404182
622.318162 1332.530864778365
622.548704 1332.5073421814561
623.269463 1332.430378996567
623.51194 1332.4032992706057
624.263121 1332.3155145281462
624.481717 1332.288844684865
624.555061 1332.2797810188636
624.704115 1332.2611824050966
624.771084 1332.2527477188346
624.78754 1332.2506675749346
624.812167 1332.2475491124567
624.859616 1332.241522096659
624.9285219999999 1332.232725892181
625.6592019999999 1332.1362257246121
625.707237 1332.1296732544174
626.487371 1332.0195982185644
626.957525 1331.9498901642874
627.337402 1331.8916879557933
628.1371809999999 1331.763593644888
628.408225 1331.7184560582
630.354315 1331.3683803034
630.9407110000001 1331.2539233973894
631.244083 1331.1930889164014
631.692766 1331.1011100279488
632.0885059999999 1331.0180194994882
632.234837 1330.9868357540006
632.72217 1330.8812185956901
633.230446 1330.7682408722553
633.531928 1330.6999097343542
633.886302 1330.6183804467926
634.285676 1330.5249911966657
634.844504 1330.3917917698143
635.263597 1330.2901151227138
635.567149 1330.215598632968
636.216739 1330.053976007801
636.672855 1329.93901092302
637.51077 1329.7255966661442
638.6664139999999 1329.4296481283
639.085391 1329.3229007490327
639.43767 1329.233745505738
639.841314 1329.1325421203398
640.2364809999999 1329.0347432214778
640.9223969999999 1328.8689271908481
641.084165 1328.8306966562366
642.154893 1328.5883089357822
642.917582 1328.4293183859986
644.556468 1328.1357642364155
644.812448 1328.0963793964231
644.877301 1328.0866823925253
645.152564 1328.0467702028634
647.952783 1327.7220419111313
648.231627 1327.6904810972337
