0.0 770.9142921343148
0.902825 771.0635759784946
0.937119 771.0687453311847
3.910769 771.4004003168969
10.089751 771.6123029538951
11.704385 771.611138933739
18.987703 771.5179812567578
25.873777 771.4399148528961
26.778855 771.434722862486
27.306468 771.432301724238
33.624169 771.4360692722574
38.654671 771.4735845610583
45.179984000000005 771.5434350510393
52.350109 771.6113594697267
58.096327 771.6328588298906
64.768222 771.5971117385674
71.026903 771.4890457104793
77.94395300000001 771.2778518724232
80.371611 771.1813757554479
80.430278 771.1789083203898
80.602766 771.1716174767027
80.925049 771.1578506691936
84.609299 770.9877481342429
86.31600300000001 770.9016443577618
86.488582 770.8927045343468
86.525182 770.8908033208918
86.55811800000001 770.8890908643309
90.525207 770.6729918739428
91.144735 770.6377144146129
92.679823 770.5489076203323
94.21491 770.4584731746734
95.749997 770.3668829827214
96.471886 770.3235526928463
97.285084 770.2746332331776
97.646822 770.2528546416349
97.783625 770.2446177172967
97.870824 770.2393675525336
98.141551 770.2230690128517
98.60904599999999 770.1949374550641
98.820171 770.1822417624363
99.785398 770.1243157119551
100.272488 770.0951864657989
100.35525799999999 770.0902452859879
100.62898 770.0739247877697
101.890345 769.9991964579694
102.406729 769.9688804601994
103.425433 769.9096607208265
105.709383 769.7804864280873
106.810732 769.7204156823444
109.019526 769.6053936747247
110.070966 769.5535977027006
110.697825 769.5237339790821
111.12240700000001 769.5039629250028
112.09860400000001 769.4599751528639
112.173847 769.4566727440272
112.631325 769.4368748486465
112.886852 769.4260302004737
113.22528799999999 769.4119079076396
114.200608 769.3727968788189
114.276728 769.3698463421033
115.32816899999999 769.3306622917512
115.41064899999999 769.327715247769
115.42053600000001 769.3273632440888
116.379609 769.2945261249899
116.55046899999999 769.2889531988343
116.555899 769.288777488237
117.509207 769.259289079113
117.542203 769.2583175863673
118.21446599999999 769.2392583653742
118.333274 769.2360372976899
118.436406 769.2332775417176
118.54281599999999 769.2304656012604
118.670371 769.2271426709995
118.89222099999999 769.2214881317277
119.20331200000001 769.2138284369033
119.346547 769.2104083940168
123.69019499999999 769.140542966196
131.154651 769.1915695444485
131.27776200000002 769.1943762204012
131.28645600000002 769.1945769225022
133.712044 769.2635364746296
137.387055 769.417838653026
141.200848 769.641656125489
141.273125 769.6465180736991
142.382995 769.7240352277956
145.69763899999998 769.9868965307517
148.124617 770.2080659731722
152.454586 770.6584451090259
152.853917 770.7033322640526
154.595813 770.90523898067
154.601397 770.9059017308351
154.607317 770.9066044652875
154.66700500000002 770.913695789188
154.913997 770.9431565290574
155.69816699999998 771.0379127967298
156.03313899999998 771.0789434757756
158.233911 771.3562881580407
159.268228 771.4909783340296
163.838414 772.1137529718895
167.259318 772.6020429716039
169.456007 772.9216591484035
174.548016 773.6680123224038
174.820303 773.7077815011934
175.112234 773.7503740870166
176.680279 773.9781450915882
179.330678 774.3577096823908
180.663815 774.5451521370215
181.681895 774.6863752041518
181.89087 774.7151384334047
182.28933 774.769759010471
183.908538 774.9885032476235
184.734207 775.0979031629669
185.398731 775.1848192954088
186.190374 775.2869765438306
191.174929 775.8911829031069
192.548066 776.0444323092017
199.446992 776.7145908532103
200.427292 776.7953409797236
200.788209 776.8241218008735
200.94651000000002 776.8365832152169
201.105981 776.8490365575788
201.278329 776.8623822439395
201.433572 776.8743025451402
201.569411 776.8846543722292
206.141332 777.1898119619208
207.365465 777.2571445066491
208.223389 777.3007095568599
208.78918000000002 777.3278097396659
209.206415 777.3469663810715
210.086758 777.3850876784359
210.657852 777.4081569829876
211.40035899999998 777.4362078528227
211.42611800000003 777.4371417352103
211.742686 777.448404580798
213.867113 777.5138332659125
214.642307 777.5333677443423
215.12247299999999 777.5443232163556
215.76423599999998 777.557613249982
216.886166 777.577181272808
217.93481 777.5913339366754
218.00809500000003 777.5921759879539
218.585092 777.5981436916252
219.130025 777.6027115811052
220.25195499999998 777.6089117271027
221.37388399999998 777.6109092051506
222.49581400000002 777.6088454244488
223.61774300000002 777.6028699342763
227.926421 777.5464968336719
228.69083799999999 777.5314457063763
228.77882400000001 777.5296238909092
229.495196 777.5141240369185
229.61088700000002 777.5115114541485
229.77366800000001 777.5077849506633
230.44295 777.4918546199361
230.450538 777.4916684940481
231.275013 777.4707319012226
231.862198 777.4549865797978
232.10707599999998 777.4482229244223
232.93913999999998 777.4244082650617
233.706934 777.40134519939
233.77120299999999 777.3993694320465
234.263398 777.3840151900989
234.464041 777.3776453205996
234.60326600000002 777.3731885612448
235.435329 777.3459483927368
235.519504 777.3431369027761
236.79426600000002 777.2993983169964
241.587288 777.1197833592274
245.056781 776.9813832133606
246.61882599999998 776.9185837667951
247.272104 776.8924157878378
247.653308 776.8771947564052
248.02960699999997 776.8622134165144
253.00593999999998 776.6713538600608
254.50837599999997 776.6176907670407
255.356552 776.5884745233153
255.367175 776.5881139025593
255.54473199999998 776.5821063399338
256.204728 776.5601137680167
257.052904 776.5326670215694
257.90108100000003 776.5061902321552
257.987242 776.5035570072944
259.942021 776.4467707969155
260.460892 776.4326916644039
266.925695 776.296736294991
267.654088 776.2863566794409
268.693756 776.2733769948849
269.36894700000005 776.2661170565065
269.764737 776.262293060875
269.965107 776.2604793305393
270.044599 776.2597825796763
270.08038700000003 776.2594731279719
270.135694 776.2590000697588
270.20671200000004 776.2584018441041
270.272252 776.2578589574247
270.316175 776.2575000730452
270.344456 776.2572710941995
273.978303 776.2416201667222
273.981498 776.241618470581
273.984733 776.2416167731427
274.008552 776.2416049494778
274.041124 776.2415906878776
274.08897 776.2415737332221
274.113316 776.2415669311563
274.182841 776.2415542804958
274.274877 776.2415529679275
274.493562 776.2416203476582
274.580122 776.2416744206641
277.554075 776.2529166994386
278.40986499999997 776.2594960916184
278.614246 776.2612853562229
279.026631 776.2651497747611
279.347865 776.2683944602043
285.272738 776.3635469776234
286.388048 776.3885187754132
286.97826200000003 776.4025718131489
287.48463799999996 776.4150788815234
287.914735 776.4260222017209
288.272217 776.4353380027841
288.566114 776.4431442570682
288.924786 776.4528487347698
289.548952 776.4701938358749
290.633826 776.5016806919162
292.087648 776.5464067928423
296.024814 776.680430856816
297.49523 776.7346353071343
299.04804 776.7939097190844
301.288331 776.882530702547
301.918267 776.9080077421813
302.522517 776.932643414998
303.504402 776.9730449376232
304.308704 777.0064380815853
304.371427 777.009052308418
305.547757 777.0583152573938
307.037689 777.1212251103991
308.448814 777.1811488728463
309.62650099999996 777.2312804727118
313.237485 777.3846253432467
316.183081 777.5080270304535
322.356806 777.7572515047489
330.170696 778.0500305768899
330.52199 778.062649265422
330.910281 778.076553286055
331.426019 778.0949538463461
332.143515 778.1204351784401
333.201844 778.1578029237037
334.164835 778.1916216265142
340.481384 778.4129268259793
340.484208 778.4130270757388
340.486195 778.4130975943092
340.487813 778.4131550310132
340.488973 778.4131962080988
343.174133 778.509902871684
343.627648 778.526577969256
343.846402 778.5346641789012
344.098271 778.5440108189179
348.073831 778.6979386745346
348.142848 778.7007378084539
348.54456899999997 778.7171313405725
348.773271 778.7265430248673
348.960836 778.7343056265165
349.197285 778.744148816644
349.42239 778.7535805477938
349.54585299999997 778.7587792067166
349.617793 778.7618168725414
349.859816 778.7720828016007
349.905559 778.7740312283458
350.475864 778.7985464846166
350.52124100000003 778.8005151609979
350.617525 778.8047014291648
352.67687 778.8973573873635
358.698355 779.2102064839461
360.481437 779.3175357066827
360.599892 779.3249386355657
360.78491299999996 779.3365719222055
362.332626 779.4373363244292
362.62737400000003 779.4572458309428
363.392447 779.5100393361629
364.14583500000003 779.5636377169315
365.072278 779.6318094472208
366.86593999999997 779.7711889172871
368.140644 779.8764408643768
369.328332 779.9793510378925
370.313606 780.0683859054847
371.228257 780.1540943493062
372.14290800000003 780.2428135211377
373.05755899999997 780.3346075502226
373.97221 780.4295373542396
374.615455 780.4982078565068
374.886861 780.5276606354369
375.801512 780.6290316623587
376.505338 780.709280007179
376.716163 780.7337011378476
377.630814 780.8417161393546
378.545465 780.9531198830997
379.460116 781.0679517285309
380.374767 781.1862470171197
381.289418 781.3080369911013
382.204069 781.4333486459567
383.11872 781.5622047720267
383.14162200000004 781.565476887766
384.033371 781.6946238195429
384.94802200000004 781.8306197935759
385.862673 781.9702022407055
386.777324 782.1133762776745
387.691975 782.2601424253336
388.131143 782.3318873548516
388.58543399999996 782.4069724783801
388.606625 782.4104964880061
388.883757 782.4567597174928
389.026049 782.4806409430653
389.521276 782.5644302160547
390.435927 782.7219303327854
392.65531699999997 783.1188098582943
396.09659700000003 783.7745837657192
396.638532 783.882222766294
398.42662 784.2455568019
400.938915 784.7766312912553
403.24829700000004 785.2850034454216
405.03396299999997 785.6905865499543
405.440124 785.7842916528087
408.459901 786.4968606657452
410.35429500000004 786.9571838773848
412.699975 787.5398744870055
414.808002 788.0742117457092
416.746591 788.5733816092046
418.900911 789.1355676670282
420.77630700000003 789.6302977928779
423.228879 790.283139575995
424.667471 790.6683964207672
428.277262 791.6394942154699
428.46318899999994 791.6895982809248
428.664089 791.7437398021468
432.79220999999995 792.8551381031805
434.566667 793.330913417948
436.831383 793.9350019522527
438.821466 794.4620418481015
440.922908 795.013852908151
442.79672800000003 795.5011705377217
444.933184 796.0507009893372
446.655426 796.4885506592697
448.83756900000003 797.036263066482
452.683658 797.9811501317662
453.44584299999997 798.1651741794344
457.71506600000004 799.1756515463859
457.95698799999997 799.2318734225994
458.08572599999997 799.2617461866164
458.12532000000004 799.2709274304059
458.131738 799.2724152439387
458.13969299999997 799.274259461899
461.516458 800.0462379124816
461.740809 800.096766103371
461.97112300000003 800.148539516077
464.272129 800.6603999549152
466.23249500000003 801.0888780584212
469.574616 801.8037950490564
470.700891 802.0404512064616
473.79458700000004 802.6799526270538
475.43047699999994 803.0120966976372
476.236942 803.1743647138838
480.96461500000004 804.1069787142743
483.665129 804.6261354521546
486.54427599999997 805.1693470262769
488.657046 805.561396651954
491.660737 806.1093295048053
492.30956299999997 806.226234292085
497.448488 807.1336211592773
497.862064 807.2051861320589
497.869836 807.206528821867
498.779068 807.3630671070835
498.832736 807.3722727257637
499.68829900000003 807.5185125731836
500.59753099999995 807.672850564116
501.50676200000004 807.8260638849323
502.049957 807.9170534691084
502.41599400000007 807.9781362306929
503.325225 808.1290495842192
504.234457 808.2787876996275
505.143688 808.4273315845379
505.71509800000007 808.520065891323
506.05292000000003 808.5746649541783
506.491707 808.6453285748474
506.962151 808.7207702907805
507.871383 808.8656325056149
507.890317 808.8686356261902
507.99449100000004 808.8851499256866
508.78061399999996 809.0092356808952
509.008629 809.0450491984889
509.257019 809.0839714374729
509.346116 809.097909713104
509.40398600000003 809.1069559771228
509.457704 809.1153486893655
509.634724 809.1429744733781
509.687055 809.1511316155053
509.689845 809.1515668152244
509.722354 809.1566318785196
509.742442 809.1597606398487
509.753349 809.1614595381457
509.767283 809.1636297357697
509.81788099999994 809.1715062263006
511.05091799999997 809.3622252224608
511.11614299999997 809.3722472689698
511.380424 809.4127873893642
512.735452 809.618914792316
512.842445 809.6350668527833
512.9126309999999 809.6456526632776
512.965675 809.6536474854327
513.012362 809.6606809351742
513.058748 809.6676654659403
513.17362 809.6849476063768
513.25068 809.6965291216629
513.337309 809.7095373570432
513.620411 809.7519660380906
513.713744 809.7659261737261
513.808958 809.7801528018657
513.916776 809.79624620911
514.066724 809.818596708586
514.3442610000001 809.8598709806528
515.017377 809.9594677312872
515.415613 810.0180545254716
517.283292 810.2894886878635
520.9497259999999 810.8067451921938
523.941201 811.2144272764951
528.7794240000001 811.8507905529715
531.461765 812.1944975366009
535.793051 812.7430833481397
539.019029 813.1528722207418
541.616563 813.4880461259537
546.185213 814.099731756381
549.6625730000001 814.5939985830996
552.152872 814.9681236911866
555.0585570000001 815.4297633653608
557.526594 815.8454360169222
558.703504 816.0517446517816
562.703961 816.7934115103042
563.791599 817.0058697751246
567.880324 817.8440365345607
572.261709 818.8028224740572
572.830293 818.9309526161767
573.6287169999999 819.1120334088303
576.8646980000001 819.8565760130084
581.103993 820.8424289187241
581.992177 821.048118839115
582.3305650000001 821.1262624043442
582.406209 821.143709446234
582.473666 821.1592657269806
586.736146 822.1255412501733
589.432464 822.7132039524522
591.5250589999999 823.1532582167359
593.9208940000001 823.6387080344687
595.497166 823.9476782191465
596.163129 824.0759209963235
596.297866 824.1017084487994
597.098565 824.2539516097711
597.899265 824.4045916541819
598.699964 824.5538291819714
598.737397 824.5607736740416
600.856821 824.9508536597475
602.517454 825.2544516595266
605.6464440000001 825.8336718954502
608.091543 826.3053506641431
610.503977 826.798007182916
613.079792 827.3602077810032
615.7974839999999 827.9890631769609
619.8531889999999 828.9226283940719
621.394361 829.2294920422203
623.921466 829.5755800735294
626.5267240000001 829.5498378698755
